


design_beachie <-c(
  '129' = 1,
  '130' = 1,
  '131' = 1,
  '139' = 1,
  '140' = 1,
  '141' = 1,
  '145' = 1,
  '146' = 1,
  '151' = 1,
  '152' = 1,
  '153' = 1,
  '166' = 1,
  '167' = 1,
  '182' = 1,
  '183' = 1,
  '184' = 1,
  '188' = 1,
  '189' = 1,
  '190' = 1,
  '191' = 1,
  '204' = 1,
  '205' = 1,
  '206' = 1,
  '207' = 1,
  '216' = 1,
  '217' = 1,
  '218' = 1,
  '219' = 1,
  '224' = 1,
  '225' = 1,
  '228' = 1,
  '229' = 1,
  '230' = 1,
  '231' = 1,
  '232' = 1,
  '233' = 1,
  '234' = 1,
  '235' = 1,
  '280' = 1,
  '281' = 1,
  '282' = 1,
  '293' = 1,
  '294' = 1,
  '295' = 1,
  '302' = 1,
  '303' = 1,
  '304' = 1,
  '312' = 1,
  '313' = 1,
  '314' = 1,
  '335' = 1,
  '336' = 1,
  '337' = 1,
  '353' = 1,
  '354' = 1,
  '355' = 1,
  '359' = 1,
  '360' = 1,
  '363' = 1,
  '364' = 1,
  '365' = 1,
  '366' = 1,
  '381' = 1,
  '382' = 1,
  '383' = 1,
  '384' = 1,
  '385' = 1,
  '386' = 1,
  '401' = 1,
  '402' = 1,
  '403' = 1,
  '404' = 1,
  '405' = 1,
  '406' = 1,
  '413' = 1,
  '414' = 1,
  '415' = 1,
  '416' = 1,
  '421' = 1,
  '422' = 1,
  '423' = 1,
  '424' = 1,
  '425' = 1,
  '426' = 1,
  '427' = 1,
  '428' = 1,
  '429' = 1,
  '430' = 1,
  '431' = 1,
  '432' = 1,
  '457' = 1,
  '458' = 1,
  '459' = 1,
  '460' = 1,
  '461' = 1,
  '462' = 1,
  '493' = 1,
  '494' = 1,
  '495' = 1,
  '496' = 1,
  '511' = 1,
  '512' = 1,
  '513' = 1,
  '523' = 1,
  '524' = 1,
  '525' = 1,
  '533' = 1,
  '534' = 1,
  '535' = 1,
  '543' = 1,
  '544' = 1,
  '545' = 1,
  '567' = 1,
  '568' = 1,
  '569' = 1,
  '585' = 1,
  '586' = 1,
  '587' = 1,
  '597' = 1,
  '598' = 1,
  '615' = 1,
  '616' = 1,
  '617' = 1,
  '618' = 1,
  '633' = 1,
  '634' = 1,
  '635' = 1,
  '636' = 1,
  '637' = 1,
  '638' = 1,
  '647' = 1,
  '648' = 1,
  '649' = 1,
  '650' = 1,
  '659' = 1,
  '660' = 1,
  '661' = 1,
  '662' = 1,
  '663' = 1,
  '664' = 1,
  '667' = 1,
  '668' = 1,
  '669' = 1,
  '670' = 1,
  '671' = 1,
  '672' = 1,
  '701' = 1,
  '702' = 1,
  '703' = 1,
  '704' = 1,
  '705' = 1,
  '706' = 1,
  '735' = 1,
  '736' = 1,
  '737' = 1,
  '738' = 1
)

claremont_design <- c('134' = 2,
                      '135' = 2,
                      '175' = 2,
                      '176' = 2,
                      '286' = 2,
                      '287' = 2,
                      '345' = 2,
                      '346' = 2,
                      '517' = 2,
                      '518' = 2,
                      '577' = 2,
                      '578' = 2)


riverside_design <-c(
  '132' = 1,
  '133' = 1,
  '142' = 1,
  '143' = 1,
  '154' = 1,
  '155' = 1,
  '168' = 1,
  '169' = 1,
  '170' = 1,
  '185' = 1,
  '186' = 1,
  '187' = 1,
  '192' = 1,
  '193' = 1,
  '194' = 1,
  '195' = 1,
  '208' = 1,
  '209' = 1,
  '210' = 1,
  '211' = 1,
  '220' = 1,
  '221' = 1,
  '246' = 1,
  '247' = 1,
  '248' = 1,
  '249' = 1,
  '283' = 1,
  '284' = 1,
  '285' = 1,
  '296' = 1,
  '297' = 1,
  '298' = 1,
  '305' = 1,
  '306' = 1,
  '315' = 1,
  '316' = 1,
  '317' = 1,
  '338' = 1,
  '339' = 1,
  '340' = 1,
  '356' = 1,
  '357' = 1,
  '358' = 1,
  '367' = 1,
  '368' = 1,
  '369' = 1,
  '370' = 1,
  '387' = 1,
  '388' = 1,
  '389' = 1,
  '390' = 1,
  '391' = 1,
  '392' = 1,
  '407' = 1,
  '408' = 1,
  '409' = 1,
  '410' = 1,
  '443' = 1,
  '444' = 1,
  '445' = 1,
  '446' = 1,
  '463' = 1,
  '464' = 1,
  '465' = 1,
  '466' = 1,
  '497' = 1,
  '498' = 1,
  '514' = 1,
  '515' = 1,
  '516' = 1,
  '526' = 1,
  '527' = 1,
  '528' = 1,
  '536' = 1,
  '537' = 1,
  '546' = 1, 
  '547' = 1,
  '548' = 1,
  '570' = 1,
  '571' = 1,
  '572' = 1,
  '588' = 1,
  '589' = 1,
  '590' = 1,
  '599' = 1,
  '600' = 1,
  '601' = 1,
  '602' = 1,
  '619' = 1,
  '620' = 1,
  '621' = 1,
  '622' = 1,
  '623' = 1,
  '624' = 1,
  '639' = 1,
  '640' = 1,
  '641' = 1,
  '642' = 1,
  '689' = 1,
  '690' = 1,
  '691' = 1,
  '692' = 1,
  '707' = 1,
  '708' = 1,
  '739' = 1,
  '740' = 1,
  '741' = 1,
  '742' = 1
)

holiday_design <-c(
  '730' = 1,
  '729' = 1,
  '728' = 1,
  '727' = 1,
  '720' = 1,
  '719' = 1,
  '718' = 1,
  '717' = 1,
  '712' = 1,
  '711' = 1,
  '710' = 1,
  '709' = 1,
  '700' = 1,
  '699' = 1,
  '698' = 1,
  '697' = 1,
  '688' = 1,
  '687' = 1,
  '686' = 1,
  '685' = 1,
  '680' = 1,
  '679' = 1,
  '678' = 1,
  '677' = 1,
  '676' = 1,
  '675' = 1,
  '654' = 1,
  '653' = 1,
  '652' = 1,
  '651' = 1,
  '646' = 1,
  '645' = 1,
  '632' = 1,
  '631' = 1,
  '630' = 1,
  '629' = 1,
  '610' = 1,
  '609' = 1,
  '608' = 1,
  '607' = 1,
  '606' = 1,
  '605' = 1,
  '604' = 1,
  '603' = 1,
  '596' = 1,
  '595' = 1,
  '594' = 1,
  '593' = 1,
  '584' = 1,
  '583' = 1,
  '582' = 1,
  '563' = 1,
  '562' = 1,
  '561' = 1,
  '554' = 1,
  '553' = 1,
  '552' = 1,
  '542' = 1,
  '541' = 1,
  '540' = 1,
  '532' = 1,
  '531' = 1,
  '522' = 1,
  '521' = 1,
  '510' = 1,
  '509' = 1,
  '508' = 1,
  '501' = 1,
  '500' = 1,
  '499' = 1,
  '488' = 1,
  '487' = 1,
  '486' = 1,
  '485' = 1,
  '484' = 1,
  '483' = 1,
  '476' = 1,
  '475' = 1,
  '474' = 1,
  '473' = 1,
  '472' = 1,
  '471' = 1,
  '468' = 1,
  '467' = 1,
  '456' = 1,
  '455' = 1,
  '454' = 1,
  '453' = 1,
  '452' = 1,
  '451' = 1,
  '442' = 1,
  '441' = 1,
  '440' = 1,
  '439' = 1,
  '438' = 1,
  '437' = 1,
  '436' = 1,
  '435' = 1,
  '434' = 1,
  '433' = 1,
  '420' = 1,
  '419' = 1,
  '418' = 1,
  '417' = 1,
  '412' = 1,
  '411' = 1,
  '400' = 1,
  '399' = 1,
  '398' = 1,
  '397' = 1,
  '396' = 1,
  '395' = 1,
  '380' = 1,
  '379' = 1,
  '378' = 1,
  '377' = 1,
  '376' = 1,
  '375' = 1,
  '374' = 1,
  '373' = 1,
  '372' = 1,
  '371' = 1,
  '362' = 1,
  '361' = 1,
  '352' = 1,
  '351' = 1,
  '350' = 1,
  '332' = 1,
  '331' = 1,
  '330' = 1,
  '322' = 1,
  '321' = 1,
  '320' = 1,
  '311' = 1,
  '310' = 1,
  '309' = 1,
  '301' = 1,
  '292' = 1,
  '291' = 1,
  '290' = 1,
  '279' = 1,
  '278' = 1,
  '277' = 1,
  '270' = 1,
  '269' = 1,
  '268' = 1,
  '267' = 1,
  '266' = 1,
  '265' = 1,
  '264' = 1,
  '263' = 1,
  '262' = 1,
  '257' = 1,
  '256' = 1,
  '255' = 1,
  '254' = 1,
  '253' = 1,
  '252' = 1,
  '251' = 1,
  '250' = 1,
  '245' = 1,
  '244' = 1,
  '243' = 1,
  '242' = 1,
  '241' = 1,
  '240' = 1,
  '239' = 1,
  '238' = 1,
  '237' = 1,
  '236' = 1,
  '227' = 1,
  '226' = 1,
  '223' = 1,
  '222' = 1,
  '215' = 1,
  '214' = 1,
  '213' = 1,
  '212' = 1,
  '203' = 1,
  '202' = 1,
  '201' = 1,
  '200' = 1,
  '199' = 1,
  '198' = 1,
  '197' = 1,
  '196' = 1,
  '181' = 1,
  '180' = 1,
  '179' = 1,
  '165' = 1,
  '164' = 1,
  '163' = 1,
  '158' = 1,
  '157' = 1,
  '156' = 1,
  '150' = 1,
  '149' = 1,
  '148' = 1,
  '144' = 1,
  '138' = 1,
  '137' = 1,
  '136' = 1,
  '128' = 1,
  '127' = 1,
  '126' = 1)



dixie_design <- c('123' = 1,
                  '124' = 1,
                  '125' = 1,
                  '161' = 1,
                  '162' = 1,
                  '173' = 1,
                  '174' = 1,
                  '258' = 1,
                  '259' = 1,
                  '260' = 1,
                  '261' = 1,
                  '274' = 1,
                  '275' = 1,
                  '276' = 1,
                  '325' = 1,
                  '326' = 1,
                  '343' = 1,
                  '344' = 1,
                  '479' = 1,
                  '480' = 1,
                  '481' = 1,
                  '482' = 1,
                  '506' = 1,
                  '507' = 1,
                  '557' = 1,
                  '558' = 1,
                  '575' = 1,
                  '576' = 1,
                  '723' = 1,
                  '724' = 1,
                  '725' = 1,
                  '726' = 1)


