


design_beachie <-c(
  '100' = 2,
  '101' = 2,
  '102' = 2,
  '103' = 2,
  '104' = 2,
  '105' = 2,
  '106' = 2,
  '107' = 2,
  '108' = 2,
  '109' = 2,
  '172' = 2,
  '173' = 2,
  '174' = 2,
  '175' = 2,
  '176' = 2,
  '177' = 2,
  '178' = 2,
  '179' = 2,
  '180' = 2,
  '181' = 2,
  '182' = 2,
  '183' = 2,
  '184' = 2,
  '185' = 2,
  '186' = 2,
  '22' = 2,
  '23' = 2,
  '24' = 2,
  '246' = 2,
  '247' = 2,
  '248' = 2,
  '249' = 2,
  '25' = 2,
  '250' = 2,
  '251' = 2,
  '252' = 2,
  '253' = 2,
  '254' = 2,
  '255' = 2,
  '256' = 2,
  '26' = 2,
  '27' = 2,
  '28' = 2,
  '29' = 2,
  '30' = 2,
  '31' = 2,
  '32' = 2,
  '33' = 2,
  '34' = 2,
  '35' = 2,
  '95' = 2,
  '96' = 2,
  '97' = 2,
  '98' = 2,
  '99' = 2
)

claremont_design <- c('46' = 4, '47' = 4, '124' = 4, '125' = 4, '201' = 4, '202' = 4, '267' = 4)


riverside_design <-c(
  '110' = 2,
  '111' = 2,
  '112' = 2,
  '113' = 2,
  '114' = 2,
  '115' = 2,
  '116' = 2,
  '117' = 2,
  '118' = 2,
  '119' = 2,
  '120' = 2,
  '121' = 2,
  '122' = 2,
  '123' = 2,
  '187' = 2,
  '188' = 2,
  '189' = 2,
  '190' = 2,
  '191' = 2,
  '192' = 2,
  '193' = 2,
  '194' = 2,
  '195' = 2,
  '196' = 2,
  '197' = 2,
  '198' = 2,
  '199' = 2,
  '200' = 2,
  '257' = 2,
  '258' = 2,
  '259' = 2,
  '260' = 2,
  '261' = 2,
  '262' = 2,
  '263' = 2,
  '264' = 2,
  '265' = 2,
  '266' = 2,
  '36' = 2,
  '37' = 2,
  '38' = 2,
  '39' = 2,
  '40' = 2,
  '41' = 2,
  '42' = 2,
  '43' = 2,
  '44' = 2,
  '45' = 2
)


dixie_design <- c('1' = 2,
                  '151' = 2,
                  '152' = 2,
                  '153' = 2,
                  '154' = 2,
                  '155' = 2,
                  '2' = 2,
                  '228' = 2,
                  '229' = 2,
                  '230' = 2,
                  '231' = 2,
                  '232' = 2,
                  '3' = 2,
                  '4' = 2,
                  '5' = 2,
                  '74' = 2,
                  '73' = 2,
                  '75' = 2,
                  '76' = 2,
                  '77' = 2)


holiday_design <-c(
  '10' = 2,
  '11' = 2,
  '12' = 2,
  '13' = 2,
  '14' = 2,
  '15' = 2,
  '156' = 2,
  '157' = 2,
  '158' = 2,
  '159' = 2,
  '16' = 2,
  '160' = 2,
  '161' = 2,
  '162' = 2,
  '163' = 2,
  '164' = 2,
  '165' = 2,
  '166' = 2,
  '167' = 2,
  '168' = 2,
  '169' = 2,
  '17' = 2,
  '170' = 2,
  '171' = 2,
  '18' = 2,
  '19' = 2,
  '20' = 2,
  '21' = 2,
  '233' = 2,
  '234' = 2,
  '235' = 2,
  '236' = 2,
  '237' = 2,
  '238' = 2,
  '239' = 2,
  '240' = 2,
  '241' = 2,
  '242' = 2,
  '243' = 2,
  '244' = 2,
  '245' = 2,
  '6' = 2,
  '7' = 2,
  '8' = 2,
  '78' = 2,
  '79' = 2,
  '80' = 2,
  '81' = 2,
  '82' = 2,
  '83' = 2,
  '84' = 2,
  '85' = 2,
  '86' = 2,
  '87' = 2,
  '88' = 2,
  '89' = 2,
  '9' = 2,
  '90' = 2,
  '91' = 2,
  '92' = 2,
  '93' = 2,
  '94' = 2
)
